brand,scr_path,pred_brand,manipulation
Chase Bank,apwg451514/2021-07/2021-07-20/2021-07-20-1046.png,,Background
Credit Agricole,apwg451514/2021-07/2021-07-20/2021-07-20-2072.png,,0
PayPal,apwg451514/2021-07/2021-07-20/2021-07-20-3324.png,,0
Apple,apwg451514/2021-07/2021-07-27/2021-07-27-16335.png,,0
DHL,apwg451514/2021-07/2021-07-15/2021-07-15-21092.png,,Outdated
eBay,apwg451514/2021-08/2021-08-30/2021-08-30-3462.png,,Ratio or Scale
Timeweb,apwg451514/2021-08/2021-08-16/2021-08-16-10892.png,,Color
Timeweb,apwg451514/2021-08/2021-08-11/2021-08-11-29500.png,,Color
Timeweb,apwg451514/2021-08/2021-08-11/2021-08-11-30040.png,,Color
Credit Agricole,apwg451514/2021-08/2021-08-04/2021-08-04-47634.png,,0
Facebook,apwg451514/2021-08/2021-08-22/2021-08-22-52926.png,,Combination
Itau,apwg451514/2021-09/2021-09-28/2021-09-28-2309.png,,0
Adobe,apwg451514/2021-09/2021-09-10/2021-09-10-8302.png,,0
Adobe,apwg451514/2021-09/2021-09-01/2021-09-01-9794.png,,Color
DHL,apwg451514/2021-09/2021-09-09/2021-09-09-13964.png,,Outdated
WhatsApp,apwg451514/2021-09/2021-09-03/2021-09-03-14601.png,,Location
WhatsApp,apwg451514/2021-09/2021-09-03/2021-09-03-15016.png,,Location
WhatsApp,apwg451514/2021-09/2021-09-06/2021-09-06-16967.png,,Location
Caisses Desjardins,apwg451514/2021-09/2021-09-23/2021-09-23-20363.png,,Popup
Caisses Desjardins,apwg451514/2021-09/2021-09-23/2021-09-23-21387.png,,Popup
GoDaddy,apwg451514/2021-09/2021-09-27/2021-09-27-22510.png,,Background
Itau,apwg451514/2021-09/2021-09-27/2021-09-27-22808.png,,0
Itau,apwg451514/2021-09/2021-09-27/2021-09-27-24440.png,,0
Itau,apwg451514/2021-09/2021-09-27/2021-09-27-25102.png,,0
Facebook,apwg451514/2021-09/2021-09-12/2021-09-12-30684.png,,Color
Itau,apwg451514/2021-09/2021-09-30/2021-09-30-33175.png,,0
Caisses Desjardins,apwg451514/2021-09/2021-09-24/2021-09-24-36972.png,,Popup
Caisses Desjardins,apwg451514/2021-09/2021-09-24/2021-09-24-37991.png,,Popup
Amazon,apwg451514/2021-10/2021-10-26/2021-10-26-2596.png,,0
DHL,apwg451514/2021-10/2021-10-12/2021-10-12-35983.png,,0
Facebook,apwg451514/2021-10/2021-10-12/2021-10-12-45409.png,,Color
DHL,apwg451514/2021-10/2021-10-12/2021-10-12-46867.png,,0
Sumitomo Mitsui Banking Corporation,apwg451514/2021-10/2021-10-19/2021-10-19-55451.png,,0
Amazon,apwg451514/2021-10/2021-10-27/2021-10-27-65107.png,,0
Webmail,apwg451514/2021-10/2021-10-20/2021-10-20-144518.png,,0
Sumitomo Mitsui Banking Corporation,apwg451514/2021-10/2021-10-20/2021-10-20-145879.png,,0
Chase Bank,apwg451514/2021-10/2021-10-08/2021-10-08-149981.png,,Background
Credit Agricole,apwg451514/2021-10/2021-10-08/2021-10-08-150349.png,,0
Apple,apwg451514/2021-10/2021-10-06/2021-10-06-225810.png,,0
Chase Bank,apwg451514/2021-10/2021-10-06/2021-10-06-227088.png,,Background
Microsoft Bing,apwg451514/2021-11/2021-11-23/2021-11-23-30981.png,,Outdated
YouTube,apwg451514/2021-11/2021-11-23/2021-11-23-32199.png,,0
PayPal,apwg451514/2021-11/2021-11-02/2021-11-02-32884.png,,0
Microsoft Bing,apwg451514/2021-11/2021-11-02/2021-11-02-34311.png,,Outdated
Microsoft Bing,apwg451514/2021-11/2021-11-17/2021-11-17-36534.png,,Outdated
Santander Bank,apwg451514/2021-11/2021-11-18/2021-11-18-90454.png,,0
Santander Bank,apwg451514/2021-11/2021-11-18/2021-11-18-91526.png,,0
Microsoft Bing,apwg451514/2021-11/2021-11-18/2021-11-18-91887.png,,0
YouTube,apwg451514/2021-11/2021-11-20/2021-11-20-92671.png,,0
YouTube,apwg451514/2021-11/2021-11-20/2021-11-20-95076.png,,0
YouTube,apwg451514/2021-11/2021-11-21/2021-11-21-95660.png,,0
YouTube,apwg451514/2021-11/2021-11-21/2021-11-21-95780.png,,0
YouTube,apwg451514/2021-11/2021-11-21/2021-11-21-96064.png,,0
Microsoft Bing,apwg451514/2021-11/2021-11-21/2021-11-21-96190.png,,Outdated
YouTube,apwg451514/2021-11/2021-11-21/2021-11-21-96509.png,,0
YouTube,apwg451514/2021-11/2021-11-21/2021-11-21-97173.png,,0
Microsoft Bing,apwg451514/2021-11/2021-11-21/2021-11-21-97643.png,,Outdated
YouTube,apwg451514/2021-11/2021-11-21/2021-11-21-97699.png,,0
YouTube,apwg451514/2021-11/2021-11-21/2021-11-21-97961.png,,0
Raiffeisen Bank,apwg451514/2021-11/2021-11-10/2021-11-10-98232.png,,0
Orange,apwg451514/2021-11/2021-11-10/2021-11-10-99357.png,,0
Orange,apwg451514/2021-11/2021-11-10/2021-11-10-99721.png,,0
Chase Bank,apwg451514/2021-11/2021-11-10/2021-11-10-99832.png,,Background
DHL,apwg451514/2021-11/2021-11-10/2021-11-10-100977.png,,0
Raiffeisen Bank,apwg451514/2021-11/2021-11-10/2021-11-10-101030.png,,0
Orange,apwg451514/2021-11/2021-11-10/2021-11-10-101857.png,,0
Orange,apwg451514/2021-11/2021-11-10/2021-11-10-101982.png,,0
Orange,apwg451514/2021-11/2021-11-10/2021-11-10-102262.png,,0
DHL,apwg451514/2021-11/2021-11-10/2021-11-10-102778.png,,0
Sumitomo Mitsui Banking Corporation,apwg451514/2021-11/2021-11-25/2021-11-25-105718.png,,0
DHL,apwg451514/2021-11/2021-11-01/2021-11-01-112619.png,,0
Raiffeisen Bank,apwg451514/2021-11/2021-11-12/2021-11-12-137149.png,,0
Raiffeisen Bank,apwg451514/2021-11/2021-11-12/2021-11-12-137626.png,,0
Raiffeisen Bank,apwg451514/2021-11/2021-11-12/2021-11-12-139169.png,,0
Raiffeisen Bank,apwg451514/2021-11/2021-11-12/2021-11-12-139286.png,,0
Raiffeisen Bank,apwg451514/2021-11/2021-11-12/2021-11-12-140104.png,,0
Raiffeisen Bank,apwg451514/2021-11/2021-11-12/2021-11-12-140870.png,,0
Raiffeisen Bank,apwg451514/2021-11/2021-11-13/2021-11-13-149438.png,,0
Raiffeisen Bank,apwg451514/2021-11/2021-11-13/2021-11-13-149584.png,,0
Microsoft Bing,apwg451514/2021-11/2021-11-14/2021-11-14-151087.png,,Outdated
Raiffeisen Bank,apwg451514/2021-11/2021-11-14/2021-11-14-151273.png,,0
Raiffeisen Bank,apwg451514/2021-11/2021-11-14/2021-11-14-151556.png,,0
Raiffeisen Bank,apwg451514/2021-11/2021-11-14/2021-11-14-152468.png,,0
Raiffeisen Bank,apwg451514/2021-11/2021-11-14/2021-11-14-153566.png,,0
Banco do Brasil,apwg451514/2021-11/2021-11-09/2021-11-09-153973.png,,Popup
Orange,apwg451514/2021-11/2021-11-09/2021-11-09-155445.png,,0
YouTube,apwg451514/2021-11/2021-11-22/2021-11-22-162166.png,,0
YouTube,apwg451514/2021-11/2021-11-22/2021-11-22-162216.png,,0
YouTube,apwg451514/2021-11/2021-11-22/2021-11-22-163148.png,,0
Societe Generale Group,apwg451514/2021-11/2021-11-22/2021-11-22-163526.png,,AddTextClose
YouTube,apwg451514/2021-11/2021-11-22/2021-11-22-164517.png,,0
YouTube,apwg451514/2021-11/2021-11-22/2021-11-22-165742.png,,0
YouTube,apwg451514/2021-11/2021-11-19/2021-11-19-166607.png,,0
YouTube,apwg451514/2021-11/2021-11-19/2021-11-19-167017.png,,0
YouTube,apwg451514/2021-11/2021-11-19/2021-11-19-168888.png,,0
YouTube,apwg451514/2021-11/2021-11-19/2021-11-19-170412.png,,0
Wells Fargo Bank,apwg451514/2021-11/2021-11-19/2021-11-19-170918.png,,0
Microsoft Bing,apwg451514/2021-11/2021-11-19/2021-11-19-171416.png,,Outdated
Microsoft Bing,apwg451514/2021-11/2021-11-19/2021-11-19-172744.png,,Outdated
Microsoft Bing,apwg451514/2021-11/2021-11-19/2021-11-19-175766.png,,Outdated
Microsoft Bing,apwg451514/2021-11/2021-11-11/2021-11-11-176290.png,,Outdated
Orange,apwg451514/2021-11/2021-11-11/2021-11-11-176942.png,,0
Raiffeisen Bank,apwg451514/2021-11/2021-11-15/2021-11-15-184901.png,,0
LinkedIn,apwg451514/2021-11/2021-11-15/2021-11-15-186125.png,,0
Raiffeisen Bank,apwg451514/2021-11/2021-11-15/2021-11-15-186186.png,,0
GoDaddy,apwg451514/2021-12/2021-12-13/2021-12-13-5155.png,,Background
Apple,apwg451514/2022-01/2022-01-14/2022-01-14-4487.png,,0
Adobe,apwg451514/2022-01/2022-01-17/2022-01-17-9525.png,,Color
Facebook,apwg451514/2022-01/2022-01-15/2022-01-15-10686.png,,Combination
LinkedIn,apwg451514/2022-01/2022-01-02/2022-01-02-17720.png,,Background
Adobe,apwg451514/2022-01/2022-01-25/2022-01-25-20455.png,,Color
Adobe,apwg451514/2022-01/2022-01-25/2022-01-25-22867.png,,0
Adobe,apwg451514/2022-01/2022-01-26/2022-01-26-27084.png,,0
PayPal,apwg451514/2022-01/2022-01-30/2022-01-30-27578.png,,0
Facebook,apwg451514/2022-01/2022-01-21/2022-01-21-35710.png,,Deletion
Facebook,apwg451514/2022-02/2022-02-16/2022-02-16-2904.png,,0
Swisscom AG,apwg451514/2022-02/2022-02-28/2022-02-28-17279.png,,TextAsLogo
Chase Bank,apwg451514/2022-02/2022-02-28/2022-02-28-18521.png,,Background
Facebook,apwg451514/2022-02/2022-02-21/2022-02-21-19653.png,,Color
WhatsApp,apwg451514/2022-02/2022-02-09/2022-02-09-20729.png,,0
Facebook,apwg451514/2022-02/2022-02-18/2022-02-18-23378.png,,Deletion
GoDaddy,apwg451514/2022-02/2022-02-15/2022-02-15-23874.png,,Background
GoDaddy,apwg451514/2022-02/2022-02-15/2022-02-15-24295.png,,Background
Facebook,apwg451514/2022-02/2022-02-22/2022-02-22-30826.png,,0
GoDaddy,apwg451514/2022-03/2022-03-29/2022-03-29-5333.png,,Background
Facebook,apwg451514/2022-03/2022-03-15/2022-03-15-8442.png,,0
Orange,apwg451514/2022-03/2022-03-30/2022-03-30-19827.png,,0
Instagram,apwg451514/2022-03/2022-03-11/2022-03-11-25434.png,,Location
Instagram,apwg451514/2022-03/2022-03-12/2022-03-12-29438.png,,Location
Instagram,apwg451514/2022-03/2022-03-12/2022-03-12-30043.png,,0
Instagram,apwg451514/2022-03/2022-03-12/2022-03-12-30717.png,,Location
Facebook,apwg451514/2022-03/2022-03-04/2022-03-04-31154.png,,0
Microsoft Bing,apwg451514/2022-03/2022-03-31/2022-03-31-35436.png,,Outdated
GoDaddy,apwg451514/2022-03/2022-03-31/2022-03-31-35834.png,,Background
GoDaddy,apwg451514/2022-03/2022-03-31/2022-03-31-39888.png,,Background
GoDaddy,apwg451514/2022-03/2022-03-31/2022-03-31-41401.png,,Background
GoDaddy,apwg451514/2022-03/2022-03-31/2022-03-31-44379.png,,Background
GoDaddy,apwg451514/2022-03/2022-03-31/2022-03-31-54764.png,,Background
Swisscom AG,apwg451514/2022-03/2022-03-07/2022-03-07-56499.png,,Color
Facebook,apwg451514/2022-03/2022-03-07/2022-03-07-57148.png,,0
Instagram,apwg451514/2022-03/2022-03-10/2022-03-10-59821.png,,Font
Instagram,apwg451514/2022-03/2022-03-20/2022-03-20-60127.png,,Font
Instagram,apwg451514/2022-03/2022-03-20/2022-03-20-60380.png,,Location
WhatsApp,apwg451514/2022-03/2022-03-20/2022-03-20-60839.png,,0
Credit Agricole,apwg451514/2022-03/2022-03-01/2022-03-01-79992.png,,0
Instagram,apwg451514/2022-03/2022-03-02/2022-03-02-81079.png,,Combination
Instagram,apwg451514/2022-03/2022-03-27/2022-03-27-83022.png,,Font
Instagram,apwg451514/2022-03/2022-03-27/2022-03-27-84027.png,,Font
Facebook,apwg451514/2022-03/2022-03-16/2022-03-16-88109.png,,Color
Instagram,apwg451514/2022-03/2022-03-06/2022-03-06-91512.png,,Font
PayPal,apwg451514/2022-04/2022-04-17/2022-04-17-24099.png,,0
PayPal,apwg451514/2022-04/2022-04-17/2022-04-17-54516.png,,0
International Card Services,apwg451514/2022-04/2022-04-05/2022-04-05-60144.png,,Popup
Instagram,apwg451514/2022-04/2022-04-05/2022-04-05-66180.png,,Font
PayPal,apwg451514/2022-04/2022-04-20/2022-04-20-73730.png,,0
PayPal,apwg451514/2022-04/2022-04-20/2022-04-20-74562.png,,0
PayPal,apwg451514/2022-04/2022-04-20/2022-04-20-74679.png,,0
PayPal,apwg451514/2022-04/2022-04-20/2022-04-20-75395.png,,0
GoDaddy,apwg451514/2022-04/2022-04-01/2022-04-01-76063.png,,0
WhatsApp,apwg451514/2022-04/2022-04-08/2022-04-08-175658.png,,Location
GoDaddy,apwg451514/2022-04/2022-04-04/2022-04-04-180762.png,,Background
GoDaddy,apwg451514/2022-04/2022-04-04/2022-04-04-183887.png,,Background
GoDaddy,apwg451514/2022-04/2022-04-04/2022-04-04-184462.png,,0
Facebook,apwg451514/2022-04/2022-04-04/2022-04-04-186817.png,,0
DHL,apwg451514/2022-04/2022-04-19/2022-04-19-232420.png,,0
Facebook,apwg451514/2022-04/2022-04-26/2022-04-26-295532.png,,Combination
Microsoft Bing,apwg451514/2022-04/2022-04-25/2022-04-25-299193.png,,Outdated
Microsoft Bing,apwg451514/2022-04/2022-04-25/2022-04-25-300972.png,,Outdated
Microsoft Bing,apwg451514/2022-04/2022-04-25/2022-04-25-302406.png,,Outdated
Microsoft Bing,apwg451514/2022-04/2022-04-25/2022-04-25-305374.png,,Outdated
Microsoft Bing,apwg451514/2022-04/2022-04-25/2022-04-25-306538.png,,Outdated
Microsoft Bing,apwg451514/2022-04/2022-04-25/2022-04-25-308699.png,,Outdated
Microsoft Bing,apwg451514/2022-04/2022-04-25/2022-04-25-311885.png,,Outdated
Microsoft Bing,apwg451514/2022-04/2022-04-25/2022-04-25-314697.png,,Outdated
Microsoft Bing,apwg451514/2022-04/2022-04-25/2022-04-25-315821.png,,Outdated
Microsoft Bing,apwg451514/2022-04/2022-04-25/2022-04-25-319659.png,,Outdated
Microsoft Bing,apwg451514/2022-04/2022-04-25/2022-04-25-321356.png,,Outdated
Microsoft Bing,apwg451514/2022-04/2022-04-25/2022-04-25-323027.png,,Outdated
Microsoft Bing,apwg451514/2022-04/2022-04-25/2022-04-25-326718.png,,Outdated
Walmart,apwg451514/2022-04/2022-04-29/2022-04-29-328370.png,,Division
PayPal,apwg451514/2022-04/2022-04-14/2022-04-14-369276.png,,0
PayPal,apwg451514/2022-04/2022-04-21/2022-04-21-381465.png,,0
Facebook,apwg451514/2022-04/2022-04-21/2022-04-21-382249.png,,0
PayPal,apwg451514/2022-04/2022-04-21/2022-04-21-382774.png,,0
BT Group,apwg451514/2022-04/2022-04-23/2022-04-23-386380.png,,0
Microsoft Bing,apwg451514/2022-04/2022-04-23/2022-04-23-387932.png,,Outdated
Microsoft Bing,apwg451514/2022-04/2022-04-23/2022-04-23-389345.png,,Outdated
Microsoft Bing,apwg451514/2022-04/2022-04-23/2022-04-23-390248.png,,Outdated
Alaska USA Federal Credit Union,apwg451514/2022-04/2022-04-18/2022-04-18-393972.png,,0
Google,apwg451514/2022-04/2022-04-06/2022-04-06-441513.png,,0
Sumitomo Mitsui Banking Corporation,apwg451514/2022-04/2022-04-30/2022-04-30-446520.png,,0
Facebook,apwg451514/2022-04/2022-04-30/2022-04-30-448157.png,,TextAsLogo
Walmart,apwg451514/2022-04/2022-04-27/2022-04-27-455071.png,,Division
Walmart,apwg451514/2022-04/2022-04-27/2022-04-27-459168.png,,Division
Instagram,apwg451514/2022-04/2022-04-27/2022-04-27-467957.png,,Location
Walmart,apwg451514/2022-04/2022-04-27/2022-04-27-471201.png,,Division
Walmart,apwg451514/2022-04/2022-04-27/2022-04-27-477356.png,,Division
Walmart,apwg451514/2022-04/2022-04-27/2022-04-27-488331.png,,Division
Walmart,apwg451514/2022-04/2022-04-27/2022-04-27-489074.png,,Division
PayPal,apwg451514/2022-04/2022-04-15/2022-04-15-523721.png,,0
PayPal,apwg451514/2022-04/2022-04-15/2022-04-15-535961.png,,0
PayPal,apwg451514/2022-04/2022-04-15/2022-04-15-537869.png,,0
Naver Corporation,apwg451514/2022-05/2022-05-03/2022-05-03-7765.png,,Deletion
Nedbank,apwg451514/2022-05/2022-05-03/2022-05-03-10320.png,,0
Facebook,apwg451514/2022-05/2022-05-03/2022-05-03-15178.png,,Deletion
Naver Corporation,apwg451514/2022-05/2022-05-03/2022-05-03-16490.png,,Deletion
Naver Corporation,apwg451514/2022-05/2022-05-03/2022-05-03-16616.png,,Deletion
Facebook,apwg451514/2022-05/2022-05-08/2022-05-08-23726.png,,Ratio or Scale
Facebook,apwg451514/2022-05/2022-05-08/2022-05-08-25197.png,,Ratio or Scale
Facebook,apwg451514/2022-05/2022-05-08/2022-05-08-31064.png,,Ratio or Scale
International Card Services,apwg451514/2022-05/2022-05-04/2022-05-04-33294.png,,Popup
Magazine Luiza,apwg451514/2022-05/2022-05-04/2022-05-04-34194.png,,0
International Card Services,apwg451514/2022-05/2022-05-04/2022-05-04-40790.png,,Popup
International Card Services,apwg451514/2022-05/2022-05-05/2022-05-05-45543.png,,Popup
ING Group,apwg451514/2022-05/2022-05-05/2022-05-05-46185.png,,Popup
Facebook,apwg451514/2022-05/2022-05-22/2022-05-22-49804.png,,Color
Facebook,apwg451514/2022-05/2022-05-22/2022-05-22-50875.png,,0
Facebook,apwg451514/2022-05/2022-05-22/2022-05-22-51155.png,,Color
Chase Bank,apwg451514/2022-05/2022-05-13/2022-05-13-54336.png,,Background
Facebook,apwg451514/2022-05/2022-05-19/2022-05-19-56342.png,,Combination
Facebook,apwg451514/2022-05/2022-05-19/2022-05-19-58938.png,,Combination
Facebook,apwg451514/2022-05/2022-05-16/2022-05-16-60153.png,,Deletion
OneDrive,apwg451514/2022-05/2022-05-01/2022-05-01-62609.png,,0
Facebook,apwg451514/2022-05/2022-05-23/2022-05-23-65843.png,,Combination
Facebook,apwg451514/2022-05/2022-05-23/2022-05-23-67029.png,,0
Facebook,apwg451514/2022-05/2022-05-20/2022-05-20-78810.png,,Combination
Facebook,apwg451514/2022-05/2022-05-20/2022-05-20-79303.png,,Combination
GoDaddy,apwg451514/2022-05/2022-05-21/2022-05-21-85157.png,,Background
Facebook,apwg451514/2022-05/2022-05-26/2022-05-26-89287.png,,0
Instagram,apwg451514/2022-05/2022-05-09/2022-05-09-92622.png,,Location
Instagram,apwg451514/2022-05/2022-05-09/2022-05-09-97609.png,,Location
Facebook,apwg451514/2022-05/2022-05-31/2022-05-31-107823.png,,Color
ING Group,apwg451514/2022-05/2022-05-31/2022-05-31-108319.png,,Popup
Facebook,apwg451514/2022-05/2022-05-14/2022-05-14-112040.png,,Color
Instagram,apwg451514/2022-05/2022-05-25/2022-05-25-114196.png,,Location
DHL,apwg451514/2022-05/2022-05-29/2022-05-29-126481.png,,Popup
Instagram,apwg451514/2022-05/2022-05-12/2022-05-12-144248.png,,Font
eBay,apwg451514/2022-05/2022-05-11/2022-05-11-185150.png,,0
Facebook,apwg451514/2022-05/2022-05-06/2022-05-06-202009.png,,Color
AT&T,apwg451514/2022-05/2022-05-15/2022-05-15-218944.png,,0
DHL,apwg451514/2022-06/2022-06-20/2022-06-20-2572.png,,Popup
eBay,apwg451514/2022-06/2022-06-20/2022-06-20-2652.png,,0
DHL,apwg451514/2022-06/2022-06-20/2022-06-20-8356.png,,Popup
Microsoft Bing,apwg451514/2022-06/2022-06-20/2022-06-20-8556.png,,Outdated
Credit Agricole,apwg451514/2022-06/2022-06-20/2022-06-20-8726.png,,Deletion
DHL,apwg451514/2022-06/2022-06-20/2022-06-20-11133.png,,Popup
Microsoft Bing,apwg451514/2022-06/2022-06-20/2022-06-20-12091.png,,Outdated
DHL,apwg451514/2022-06/2022-06-20/2022-06-20-14332.png,,Popup
Wells Fargo Bank,apwg451514/2022-06/2022-06-23/2022-06-23-24146.png,,Outdated
Facebook,apwg451514/2022-06/2022-06-25/2022-06-25-101479.png,,Color
Facebook,apwg451514/2022-06/2022-06-22/2022-06-22-144136.png,,0
Facebook,apwg451514/2022-06/2022-06-22/2022-06-22-147422.png,,Combination
Facebook,apwg451514/2022-06/2022-06-11/2022-06-11-213499.png,,Combination
Facebook,apwg451514/2022-06/2022-06-26/2022-06-26-229415.png,,Combination
DHL,apwg451514/2022-06/2022-06-26/2022-06-26-256475.png,,Popup
Wells Fargo Bank,apwg451514/2022-06/2022-06-01/2022-06-01-279835.png,,Outdated
DHL,apwg451514/2022-06/2022-06-15/2022-06-15-292550.png,,0
Facebook,apwg451514/2022-06/2022-06-10/2022-06-10-304076.png,,Color
Caisses Desjardins,apwg451514/2022-06/2022-06-27/2022-06-27-385478.png,,0
Facebook,apwg451514/2022-06/2022-06-27/2022-06-27-388589.png,,Combination
DHL,apwg451514/2022-06/2022-06-13/2022-06-13-492523.png,,0
Microsoft Bing,apwg451514/2022-06/2022-06-19/2022-06-19-497541.png,,Outdated
DHL,apwg451514/2022-06/2022-06-19/2022-06-19-499951.png,,Popup
DHL,apwg451514/2022-06/2022-06-19/2022-06-19-500434.png,,Popup
Facebook,apwg451514/2022-06/2022-06-07/2022-06-07-552085.png,,Color
Facebook,apwg451514/2022-06/2022-06-07/2022-06-07-554238.png,,Deletion
DHL,apwg451514/2022-06/2022-06-09/2022-06-09-565389.png,,Popup
Facebook,apwg451514/2022-06/2022-06-06/2022-06-06-595601.png,,Combination
Facebook,apwg451514/2022-06/2022-06-05/2022-06-05-654117.png,,Combination
Facebook,apwg451514/2022-07/2022-07-13/2022-07-13-783.png,,Combination
Facebook,apwg451514/2022-07/2022-07-13/2022-07-13-972.png,,Combination
Wells Fargo Bank,apwg451514/2022-07/2022-07-12/2022-07-12-10767.png,,Outdated
Instagram,apwg451514/2022-07/2022-07-12/2022-07-12-12117.png,,Location
Instagram,apwg451514/2022-07/2022-07-05/2022-07-05-18676.png,,Location
Instagram,apwg451514/2022-07/2022-07-05/2022-07-05-20044.png,,Location
Facebook,apwg451514/2022-07/2022-07-21/2022-07-21-23688.png,,Deletion
Facebook,apwg451514/2022-07/2022-07-21/2022-07-21-24175.png,,Deletion
Alaska USA Federal Credit Union,apwg451514/2022-07/2022-07-21/2022-07-21-24227.png,,0
Facebook,apwg451514/2022-07/2022-07-21/2022-07-21-24546.png,,Deletion
Alaska USA Federal Credit Union,apwg451514/2022-07/2022-07-25/2022-07-25-62718.png,,0
Facebook,apwg451514/2022-07/2022-07-16/2022-07-16-66187.png,,Location
Facebook,apwg451514/2022-07/2022-07-31/2022-07-31-67533.png,,Combination
Facebook,apwg451514/2022-07/2022-07-19/2022-07-19-85970.png,,Color
Facebook,apwg451514/2022-07/2022-07-22/2022-07-22-87215.png,,0
Facebook,apwg451514/2022-07/2022-07-22/2022-07-22-87463.png,,0
Facebook,apwg451514/2022-07/2022-07-22/2022-07-22-88524.png,,0
Facebook,apwg451514/2022-07/2022-07-22/2022-07-22-88926.png,,0
Chase Bank,apwg451514/2022-07/2022-07-04/2022-07-04-98071.png,,Background
Facebook,apwg451514/2022-07/2022-07-30/2022-07-30-104112.png,,Color
Facebook,apwg451514/2022-07/2022-07-11/2022-07-11-110597.png,,Combination
Facebook,apwg451514/2022-07/2022-07-20/2022-07-20-113793.png,,0
Alaska USA Federal Credit Union,apwg451514/2022-07/2022-07-20/2022-07-20-114001.png,,0
Facebook,apwg451514/2022-07/2022-07-02/2022-07-02-119153.png,,0
Microsoft Bing,apwg451514/2022-08/2022-08-15/2022-08-15-1244.png,,Outdated
Microsoft Bing,apwg451514/2022-08/2022-08-15/2022-08-15-2611.png,,Outdated
Microsoft Bing,apwg451514/2022-08/2022-08-15/2022-08-15-3807.png,,Outdated
Microsoft Bing,apwg451514/2022-08/2022-08-15/2022-08-15-6971.png,,Outdated
Microsoft Bing,apwg451514/2022-08/2022-08-15/2022-08-15-8636.png,,Outdated
DHL,apwg451514/2022-08/2022-08-15/2022-08-15-9589.png,,0
DHL,apwg451514/2022-08/2022-08-15/2022-08-15-9685.png,,Popup
DHL,apwg451514/2022-08/2022-08-15/2022-08-15-10108.png,,Popup
Facebook,apwg451514/2022-08/2022-08-05/2022-08-05-19110.png,,Deletion
Facebook,apwg451514/2022-08/2022-08-05/2022-08-05-28351.png,,Deletion
Facebook,apwg451514/2022-08/2022-08-29/2022-08-29-45056.png,,Location
Facebook,apwg451514/2022-08/2022-08-29/2022-08-29-45899.png,,0
Microsoft Bing,apwg451514/2022-08/2022-08-17/2022-08-17-48592.png,,Outdated
Microsoft Bing,apwg451514/2022-08/2022-08-17/2022-08-17-48616.png,,Outdated
Microsoft Bing,apwg451514/2022-08/2022-08-17/2022-08-17-48745.png,,Outdated
Facebook,apwg451514/2022-08/2022-08-17/2022-08-17-49212.png,,Combination
Microsoft Bing,apwg451514/2022-08/2022-08-17/2022-08-17-49330.png,,Outdated
Microsoft Bing,apwg451514/2022-08/2022-08-17/2022-08-17-49786.png,,Outdated
Microsoft Bing,apwg451514/2022-08/2022-08-17/2022-08-17-49825.png,,Outdated
Adobe,apwg451514/2022-08/2022-08-17/2022-08-17-50124.png,,0
DHL,apwg451514/2022-08/2022-08-17/2022-08-17-50246.png,,0
Microsoft Bing,apwg451514/2022-08/2022-08-17/2022-08-17-50869.png,,Outdated
Microsoft Bing,apwg451514/2022-08/2022-08-17/2022-08-17-51734.png,,Outdated
Microsoft Bing,apwg451514/2022-08/2022-08-17/2022-08-17-52082.png,,Outdated
Microsoft Bing,apwg451514/2022-08/2022-08-17/2022-08-17-52149.png,,Outdated
Facebook,apwg451514/2022-08/2022-08-17/2022-08-17-52169.png,,0
DHL,apwg451514/2022-08/2022-08-17/2022-08-17-52992.png,,0
Microsoft Bing,apwg451514/2022-08/2022-08-17/2022-08-17-54207.png,,Outdated
DHL,apwg451514/2022-08/2022-08-17/2022-08-17-54289.png,,0
Facebook,apwg451514/2022-08/2022-08-17/2022-08-17-54603.png,,Combination
Microsoft Bing,apwg451514/2022-08/2022-08-17/2022-08-17-55001.png,,Outdated
Microsoft Bing,apwg451514/2022-08/2022-08-17/2022-08-17-55159.png,,Outdated
Apple,apwg451514/2022-08/2022-08-07/2022-08-07-70220.png,,AddTextClose
DHL,apwg451514/2022-08/2022-08-14/2022-08-14-111889.png,,0
Facebook,apwg451514/2022-08/2022-08-14/2022-08-14-112188.png,,Location
Microsoft Bing,apwg451514/2022-08/2022-08-14/2022-08-14-113387.png,,Outdated
DHL,apwg451514/2022-08/2022-08-14/2022-08-14-113968.png,,0
DHL,apwg451514/2022-08/2022-08-13/2022-08-13-114541.png,,Popup
DHL,apwg451514/2022-08/2022-08-13/2022-08-13-115664.png,,Popup
DHL,apwg451514/2022-08/2022-08-13/2022-08-13-116532.png,,Popup
DHL,apwg451514/2022-08/2022-08-13/2022-08-13-118250.png,,Popup
Microsoft Bing,apwg451514/2022-08/2022-08-13/2022-08-13-120440.png,,Outdated
DHL,apwg451514/2022-08/2022-08-13/2022-08-13-121443.png,,Popup
Alaska USA Federal Credit Union,apwg451514/2022-08/2022-08-19/2022-08-19-127208.png,,0
DHL,apwg451514/2022-08/2022-08-19/2022-08-19-131337.png,,0
Alaska USA Federal Credit Union,apwg451514/2022-08/2022-08-26/2022-08-26-142775.png,,0
Facebook,apwg451514/2022-08/2022-08-21/2022-08-21-206694.png,,Color
OneDrive,apwg451514/2022-08/2022-08-30/2022-08-30-214341.png,,0
Facebook,apwg451514/2022-08/2022-08-22/2022-08-22-317681.png,,Deletion
Facebook,apwg451514/2022-08/2022-08-22/2022-08-22-322693.png,,TextAsLogo
Facebook,apwg451514/2022-08/2022-08-22/2022-08-22-324477.png,,TextAsLogo
DHL,apwg451514/2022-08/2022-08-24/2022-08-24-333855.png,,0
Facebook,apwg451514/2022-08/2022-08-11/2022-08-11-370118.png,,Combination
Facebook,apwg451514/2022-08/2022-08-18/2022-08-18-385647.png,,Color
Microsoft Bing,apwg451514/2022-08/2022-08-18/2022-08-18-389005.png,,Outdated
Microsoft Bing,apwg451514/2022-08/2022-08-18/2022-08-18-394374.png,,Outdated
Microsoft Bing,apwg451514/2022-08/2022-08-18/2022-08-18-395213.png,,Outdated
Microsoft Bing,apwg451514/2022-08/2022-08-16/2022-08-16-396520.png,,Outdated
DHL,apwg451514/2022-08/2022-08-16/2022-08-16-397213.png,,Popup
Microsoft Bing,apwg451514/2022-08/2022-08-16/2022-08-16-397397.png,,Outdated
Microsoft Bing,apwg451514/2022-08/2022-08-16/2022-08-16-398046.png,,Outdated
Microsoft Bing,apwg451514/2022-08/2022-08-16/2022-08-16-398675.png,,Outdated
Microsoft Bing,apwg451514/2022-08/2022-08-16/2022-08-16-399967.png,,Outdated
Microsoft Bing,apwg451514/2022-08/2022-08-16/2022-08-16-401252.png,,Outdated
Microsoft Bing,apwg451514/2022-08/2022-08-16/2022-08-16-401967.png,,Outdated
Microsoft Bing,apwg451514/2022-08/2022-08-16/2022-08-16-403652.png,,Outdated
Netflix,apwg451514/2022-08/2022-08-10/2022-08-10-410896.png,,Background
Facebook,apwg451514/2022-08/2022-08-01/2022-08-01-420224.png,,Combination
Facebook,apwg451514/2022-08/2022-08-31/2022-08-31-455133.png,,Combination
DHL,apwg451514/2022-08/2022-08-12/2022-08-12-468160.png,,Popup
Credit Suisse Group AG,apwg451514/2022-08/2022-08-12/2022-08-12-473512.png,,Font
DHL,apwg451514/2022-08/2022-08-12/2022-08-12-473596.png,,Popup
Facebook,apwg451514/2022-08/2022-08-12/2022-08-12-473672.png,,Deletion
DHL,apwg451514/2022-08/2022-08-08/2022-08-08-476842.png,,Popup
DHL,apwg451514/2022-09/2022-09-16/2022-09-16-4816.png,,0
Facebook,apwg451514/2022-09/2022-09-16/2022-09-16-9224.png,,0
Facebook,apwg451514/2022-09/2022-09-16/2022-09-16-11324.png,,Color
DHL,apwg451514/2022-09/2022-09-16/2022-09-16-18793.png,,0
DHL,apwg451514/2022-09/2022-09-16/2022-09-16-18946.png,,0
DHL,apwg451514/2022-09/2022-09-17/2022-09-17-20291.png,,0
DHL,apwg451514/2022-09/2022-09-17/2022-09-17-20427.png,,0
DHL,apwg451514/2022-09/2022-09-17/2022-09-17-21644.png,,0
DHL,apwg451514/2022-09/2022-09-23/2022-09-23-41774.png,,0
DHL,apwg451514/2022-09/2022-09-23/2022-09-23-47534.png,,0
Facebook,apwg451514/2022-09/2022-09-20/2022-09-20-51498.png,,Combination
Facebook,apwg451514/2022-09/2022-09-20/2022-09-20-51852.png,,Combination
DHL,apwg451514/2022-09/2022-09-20/2022-09-20-54461.png,,0
Facebook,apwg451514/2022-09/2022-09-20/2022-09-20-54518.png,,Combination
DHL,apwg451514/2022-09/2022-09-20/2022-09-20-54661.png,,0
DHL,apwg451514/2022-09/2022-09-20/2022-09-20-54839.png,,0
Facebook,apwg451514/2022-09/2022-09-20/2022-09-20-58101.png,,Color
DHL,apwg451514/2022-09/2022-09-15/2022-09-15-59656.png,,0
DHL,apwg451514/2022-09/2022-09-15/2022-09-15-62774.png,,0
DHL,apwg451514/2022-09/2022-09-15/2022-09-15-63750.png,,0
DHL,apwg451514/2022-09/2022-09-15/2022-09-15-63832.png,,0
Facebook,apwg451514/2022-09/2022-09-08/2022-09-08-83826.png,,Color
DHL,apwg451514/2022-09/2022-09-13/2022-09-13-85525.png,,0
Microsoft Bing,apwg451514/2022-09/2022-09-13/2022-09-13-86935.png,,Outdated
DHL,apwg451514/2022-09/2022-09-13/2022-09-13-87520.png,,0
DHL,apwg451514/2022-09/2022-09-13/2022-09-13-87598.png,,0
DHL,apwg451514/2022-09/2022-09-13/2022-09-13-89794.png,,0
DHL,apwg451514/2022-09/2022-09-13/2022-09-13-90388.png,,0
DHL,apwg451514/2022-09/2022-09-13/2022-09-13-90994.png,,0
DHL,apwg451514/2022-09/2022-09-13/2022-09-13-91956.png,,Popup
DHL,apwg451514/2022-09/2022-09-13/2022-09-13-93806.png,,Popup
DHL,apwg451514/2022-09/2022-09-13/2022-09-13-94042.png,,0
DHL,apwg451514/2022-09/2022-09-13/2022-09-13-94253.png,,0
DHL,apwg451514/2022-09/2022-09-13/2022-09-13-94598.png,,0
DHL,apwg451514/2022-09/2022-09-13/2022-09-13-94860.png,,Popup
DHL,apwg451514/2022-09/2022-09-13/2022-09-13-97262.png,,0
DHL,apwg451514/2022-09/2022-09-19/2022-09-19-100480.png,,0
DHL,apwg451514/2022-09/2022-09-19/2022-09-19-102305.png,,0
DHL,apwg451514/2022-09/2022-09-26/2022-09-26-104065.png,,0
DHL,apwg451514/2022-09/2022-09-26/2022-09-26-105514.png,,0
Facebook,apwg451514/2022-09/2022-09-26/2022-09-26-108087.png,,Combination
Facebook,apwg451514/2022-09/2022-09-26/2022-09-26-110417.png,,0
Facebook,apwg451514/2022-09/2022-09-26/2022-09-26-112378.png,,Combination
Facebook,apwg451514/2022-09/2022-09-26/2022-09-26-113054.png,,Combination
DHL,apwg451514/2022-09/2022-09-26/2022-09-26-115471.png,,0
Internal Revenue Service,apwg451514/2022-09/2022-09-09/2022-09-09-130555.png,,0
Instagram,apwg451514/2022-09/2022-09-09/2022-09-09-134293.png,,Location
DHL,apwg451514/2022-09/2022-09-21/2022-09-21-139374.png,,0
DHL,apwg451514/2022-09/2022-09-18/2022-09-18-143548.png,,0
GoDaddy,apwg451514/2022-09/2022-09-10/2022-09-10-148878.png,,Background
Facebook,apwg451514/2022-09/2022-09-05/2022-09-05-152721.png,,Combination
DHL,apwg451514/2022-09/2022-09-14/2022-09-14-156930.png,,0
DHL,apwg451514/2022-09/2022-09-14/2022-09-14-161169.png,,0
DHL,apwg451514/2022-09/2022-09-14/2022-09-14-162774.png,,0
DHL,apwg451514/2022-09/2022-09-14/2022-09-14-165831.png,,0
DHL,apwg451514/2022-09/2022-09-14/2022-09-14-171197.png,,0
DHL,apwg451514/2022-09/2022-09-22/2022-09-22-174895.png,,0
DHL,apwg451514/2022-09/2022-09-24/2022-09-24-182513.png,,0
DHL,apwg451514/2022-09/2022-09-29/2022-09-29-191421.png,,0
DHL,apwg451514/2022-09/2022-09-29/2022-09-29-195752.png,,0
DHL,apwg451514/2022-09/2022-09-07/2022-09-07-200898.png,,0
Facebook,apwg451514/2022-09/2022-09-01/2022-09-01-202949.png,,Color
DHL,apwg451514/2022-09/2022-09-25/2022-09-25-209524.png,,0
Rabobank,apwg451514/2022-09/2022-09-06/2022-09-06-219572.png,,0
Facebook,apwg451514/2022-09/2022-09-11/2022-09-11-220876.png,,0
DHL,apwg451514/2022-09/2022-09-27/2022-09-27-229389.png,,0
DHL,apwg451514/2022-09/2022-09-27/2022-09-27-232213.png,,0
DHL,apwg451514/2022-09/2022-09-12/2022-09-12-233962.png,,0
Microsoft Bing,apwg451514/2022-09/2022-09-12/2022-09-12-234155.png,,Outdated
Microsoft Bing,apwg451514/2022-09/2022-09-12/2022-09-12-235766.png,,Outdated
DHL,apwg451514/2022-09/2022-09-12/2022-09-12-238039.png,,Popup
DHL,apwg451514/2022-09/2022-09-12/2022-09-12-238294.png,,Popup
Microsoft Bing,apwg451514/2022-09/2022-09-12/2022-09-12-239608.png,,Outdated
DHL,apwg451514/2022-09/2022-09-12/2022-09-12-239719.png,,Popup
Microsoft Bing,apwg451514/2022-09/2022-09-12/2022-09-12-239783.png,,Outdated
Microsoft Bing,apwg451514/2022-09/2022-09-12/2022-09-12-239909.png,,Outdated
Microsoft Bing,apwg451514/2022-09/2022-09-12/2022-09-12-244937.png,,Outdated
DHL,apwg451514/2022-09/2022-09-12/2022-09-12-244995.png,,Outdated
DHL,apwg451514/2022-09/2022-09-12/2022-09-12-245486.png,,Popup
Microsoft Bing,apwg451514/2022-09/2022-09-12/2022-09-12-248147.png,,Outdated
DHL,apwg451514/2022-09/2022-09-12/2022-09-12-249464.png,,0
Microsoft Bing,apwg451514/2022-09/2022-09-12/2022-09-12-249907.png,,Outdated
DHL,apwg451514/2022-09/2022-09-12/2022-09-12-250008.png,,Popup
ING Group,apwg451514/2022-10/2022-10-03/2022-10-03-5587.png,,Popup
DHL,apwg451514/2022-10/2022-10-03/2022-10-03-11943.png,,0
DHL,apwg451514/2022-10/2022-10-03/2022-10-03-14885.png,,0
ING Group,apwg451514/2022-10/2022-10-03/2022-10-03-15094.png,,Popup
DHL,apwg451514/2022-10/2022-10-03/2022-10-03-17965.png,,0
ING Group,apwg451514/2022-10/2022-10-03/2022-10-03-19810.png,,Popup
DHL,apwg451514/2022-10/2022-10-03/2022-10-03-20125.png,,0
DHL,apwg451514/2022-10/2022-10-19/2022-10-19-127447.png,,0
DHL,apwg451514/2022-10/2022-10-14/2022-10-14-158653.png,,0
DHL,apwg451514/2022-10/2022-10-14/2022-10-14-162823.png,,0
DHL,apwg451514/2022-10/2022-10-14/2022-10-14-163200.png,,0
Nedbank,apwg451514/2022-10/2022-10-30/2022-10-30-167529.png,,0
ING Group,apwg451514/2022-10/2022-10-30/2022-10-30-167838.png,,Popup
DHL,apwg451514/2022-10/2022-10-30/2022-10-30-168640.png,,0
DHL,apwg451514/2022-10/2022-10-30/2022-10-30-168717.png,,0
DHL,apwg451514/2022-10/2022-10-30/2022-10-30-169186.png,,0
ING Group,apwg451514/2022-10/2022-10-09/2022-10-09-182416.png,,Popup
Facebook,apwg451514/2022-10/2022-10-09/2022-10-09-188582.png,,Color
Facebook,apwg451514/2022-10/2022-10-09/2022-10-09-237070.png,,Combination
DHL,apwg451514/2022-10/2022-10-24/2022-10-24-251618.png,,0
DHL,apwg451514/2022-10/2022-10-24/2022-10-24-266523.png,,0
DHL,apwg451514/2022-10/2022-10-24/2022-10-24-287593.png,,0
DHL,apwg451514/2022-10/2022-10-11/2022-10-11-320591.png,,0
DHL,apwg451514/2022-10/2022-10-11/2022-10-11-325711.png,,0
Facebook,apwg451514/2022-10/2022-10-11/2022-10-11-361066.png,,Deletion
DHL,apwg451514/2022-10/2022-10-29/2022-10-29-444020.png,,0
Microsoft Bing,apwg451514/2022-10/2022-10-29/2022-10-29-445563.png,,Outdated
Microsoft Bing,apwg451514/2022-10/2022-10-29/2022-10-29-445785.png,,Outdated
DHL,apwg451514/2022-10/2022-10-29/2022-10-29-446103.png,,0
Microsoft Bing,apwg451514/2022-10/2022-10-29/2022-10-29-446888.png,,Deletion
DHL,apwg451514/2022-10/2022-10-29/2022-10-29-446979.png,,0
DHL,apwg451514/2022-10/2022-10-29/2022-10-29-446995.png,,0
ING Group,apwg451514/2022-10/2022-10-29/2022-10-29-448128.png,,Popup
Microsoft Bing,apwg451514/2022-10/2022-10-29/2022-10-29-448468.png,,Outdated
Microsoft Bing,apwg451514/2022-10/2022-10-29/2022-10-29-448520.png,,Deletion
Microsoft Bing,apwg451514/2022-10/2022-10-29/2022-10-29-449531.png,,Outdated
Facebook,apwg451514/2022-10/2022-10-13/2022-10-13-458504.png,,Deletion
Facebook,apwg451514/2022-10/2022-10-13/2022-10-13-471012.png,,Deletion
DHL,apwg451514/2022-10/2022-10-13/2022-10-13-476664.png,,0
DHL,apwg451514/2022-10/2022-10-15/2022-10-15-483294.png,,Deletion
DHL,apwg451514/2022-10/2022-10-15/2022-10-15-485124.png,,0
DHL,apwg451514/2022-10/2022-10-15/2022-10-15-488979.png,,0
DHL,apwg451514/2022-10/2022-10-15/2022-10-15-490961.png,,0
DHL,apwg451514/2022-10/2022-10-15/2022-10-15-494281.png,,0
DHL,apwg451514/2022-10/2022-10-15/2022-10-15-501694.png,,0
DHL,apwg451514/2022-10/2022-10-15/2022-10-15-503174.png,,0
DHL,apwg451514/2022-10/2022-10-15/2022-10-15-509975.png,,Popup
DHL,apwg451514/2022-10/2022-10-15/2022-10-15-510894.png,,0
Facebook,apwg451514/2022-10/2022-10-15/2022-10-15-519276.png,,Combination
DHL,apwg451514/2022-10/2022-10-15/2022-10-15-524824.png,,0
DHL,apwg451514/2022-10/2022-10-26/2022-10-26-529032.png,,0
DHL,apwg451514/2022-10/2022-10-26/2022-10-26-529215.png,,0
Microsoft Bing,apwg451514/2022-10/2022-10-26/2022-10-26-529868.png,,Outdated
DHL,apwg451514/2022-10/2022-10-26/2022-10-26-531248.png,,0
DHL,apwg451514/2022-10/2022-10-26/2022-10-26-533508.png,,0
DHL,apwg451514/2022-10/2022-10-26/2022-10-26-535827.png,,0
DHL,apwg451514/2022-10/2022-10-26/2022-10-26-536009.png,,0
DHL,apwg451514/2022-10/2022-10-28/2022-10-28-536673.png,,0
Facebook,apwg451514/2022-10/2022-10-28/2022-10-28-538575.png,,Ratio or Scale
DHL,apwg451514/2022-10/2022-10-28/2022-10-28-538712.png,,0
Facebook,apwg451514/2022-10/2022-10-28/2022-10-28-539414.png,,Ratio or Scale
Microsoft Bing,apwg451514/2022-10/2022-10-28/2022-10-28-539629.png,,Outdated
DHL,apwg451514/2022-10/2022-10-28/2022-10-28-540533.png,,0
DHL,apwg451514/2022-10/2022-10-28/2022-10-28-540585.png,,Popup
Facebook,apwg451514/2022-10/2022-10-28/2022-10-28-541388.png,,Ratio or Scale
Microsoft Bing,apwg451514/2022-10/2022-10-28/2022-10-28-542254.png,,Outdated
Microsoft Bing,apwg451514/2022-10/2022-10-28/2022-10-28-544716.png,,Outdated
DHL,apwg451514/2022-10/2022-10-28/2022-10-28-545451.png,,0
Microsoft Bing,apwg451514/2022-10/2022-10-28/2022-10-28-546804.png,,Deletion
Netflix,apwg451514/2022-10/2022-10-17/2022-10-17-635871.png,,Background
ING Group,apwg451514/2022-10/2022-10-10/2022-10-10-788799.png,,Popup
DHL,apwg451514/2022-10/2022-10-12/2022-10-12-911991.png,,0
DHL,apwg451514/2022-10/2022-10-12/2022-10-12-917439.png,,0
Orange,apwg451514/2022-10/2022-10-12/2022-10-12-920326.png,,0
Facebook,apwg451514/2022-10/2022-10-12/2022-10-12-926579.png,,Deletion
DHL,apwg451514/2022-10/2022-10-12/2022-10-12-928011.png,,0
Facebook,apwg451514/2022-10/2022-10-05/2022-10-05-956192.png,,Combination
DHL,apwg451514/2022-10/2022-10-05/2022-10-05-967864.png,,0
Microsoft Bing,apwg451514/2022-10/2022-10-05/2022-10-05-971544.png,,Outdated
WeTransfer,apwg451514/2022-10/2022-10-05/2022-10-05-995008.png,,0
DHL,apwg451514/2022-10/2022-10-25/2022-10-25-1014878.png,,0
DHL,apwg451514/2022-10/2022-10-25/2022-10-25-1016808.png,,0
DHL,apwg451514/2022-10/2022-10-25/2022-10-25-1023760.png,,0
DHL,apwg451514/2022-10/2022-10-25/2022-10-25-1026386.png,,0
DHL,apwg451514/2022-10/2022-10-25/2022-10-25-1032640.png,,0
DHL,apwg451514/2022-10/2022-10-25/2022-10-25-1039106.png,,0
Facebook,apwg451514/2022-10/2022-10-08/2022-10-08-1068937.png,,Combination
Facebook,apwg451514/2022-10/2022-10-08/2022-10-08-1081692.png,,Combination
Facebook,apwg451514/2022-10/2022-10-16/2022-10-16-1132605.png,,Combination
DHL,apwg451514/2022-10/2022-10-16/2022-10-16-1150600.png,,0
ING Group,apwg451514/2022-10/2022-10-02/2022-10-02-1234781.png,,Popup
Microsoft Bing,apwg451514/2022-10/2022-10-27/2022-10-27-1251105.png,,Outdated
Microsoft Bing,apwg451514/2022-10/2022-10-27/2022-10-27-1251365.png,,Outdated
DHL,apwg451514/2022-10/2022-10-27/2022-10-27-1251673.png,,0
DHL,apwg451514/2022-10/2022-10-27/2022-10-27-1252126.png,,0
Microsoft Bing,apwg451514/2022-10/2022-10-27/2022-10-27-1252262.png,,Outdated
DHL,apwg451514/2022-10/2022-10-27/2022-10-27-1252352.png,,0
DHL,apwg451514/2022-10/2022-10-27/2022-10-27-1252417.png,,0
DHL,apwg451514/2022-10/2022-10-27/2022-10-27-1252828.png,,0
Microsoft Bing,apwg451514/2022-10/2022-10-27/2022-10-27-1254274.png,,Outdated
DHL,apwg451514/2022-10/2022-10-27/2022-10-27-1254369.png,,0
Commonwealth Bank of Australia,apwg451514/2022-10/2022-10-27/2022-10-27-1254675.png,,0
DHL,apwg451514/2022-10/2022-10-27/2022-10-27-1256938.png,,0
Microsoft Bing,apwg451514/2022-10/2022-10-27/2022-10-27-1258501.png,,Deletion
Microsoft Bing,apwg451514/2022-10/2022-10-27/2022-10-27-1258548.png,,Outdated
Microsoft Bing,apwg451514/2022-10/2022-10-27/2022-10-27-1258960.png,,Deletion
Microsoft Bing,apwg451514/2022-10/2022-10-27/2022-10-27-1260564.png,,Outdated
DHL,apwg451514/2022-10/2022-10-27/2022-10-27-1260673.png,,0
Microsoft Bing,apwg451514/2022-10/2022-10-27/2022-10-27-1260749.png,,Deletion
DHL,apwg451514/2022-10/2022-10-27/2022-10-27-1261780.png,,0
DHL,apwg451514/2022-10/2022-10-18/2022-10-18-1312432.png,,0
Microsoft Bing,apwg451514/2022-10/2022-10-31/2022-10-31-1331481.png,,Outdated
DHL,apwg451514/2022-10/2022-10-31/2022-10-31-1332102.png,,0
Microsoft Bing,apwg451514/2022-10/2022-10-31/2022-10-31-1334348.png,,Outdated
Microsoft Bing,apwg451514/2022-10/2022-10-31/2022-10-31-1334507.png,,Outdated
DHL,apwg451514/2022-10/2022-10-31/2022-10-31-1335161.png,,0
DHL,apwg451514/2022-10/2022-10-31/2022-10-31-1338522.png,,0
DHL,apwg451514/2022-10/2022-10-31/2022-10-31-1338781.png,,0
DHL,apwg451514/2022-10/2022-10-31/2022-10-31-1341331.png,,0
DHL,apwg451514/2022-11/2022-11-27/2022-11-27-214.png,,0
DHL,apwg451514/2022-11/2022-11-27/2022-11-27-743.png,,0
DHL,apwg451514/2022-11/2022-11-27/2022-11-27-1921.png,,0
DHL,apwg451514/2022-11/2022-11-27/2022-11-27-2919.png,,0
DHL,apwg451514/2022-11/2022-11-27/2022-11-27-3355.png,,0
DHL,apwg451514/2022-11/2022-11-27/2022-11-27-5510.png,,0
GoDaddy,apwg451514/2022-11/2022-11-09/2022-11-09-7553.png,,Background
BT Group,apwg451514/2022-11/2022-11-09/2022-11-09-9438.png,,0
DHL,apwg451514/2022-11/2022-11-09/2022-11-09-9863.png,,0
DHL,apwg451514/2022-11/2022-11-17/2022-11-17-16974.png,,0
DHL,apwg451514/2022-11/2022-11-17/2022-11-17-17287.png,,0
DHL,apwg451514/2022-11/2022-11-17/2022-11-17-17969.png,,0
DHL,apwg451514/2022-11/2022-11-17/2022-11-17-19287.png,,0
DHL,apwg451514/2022-11/2022-11-17/2022-11-17-20029.png,,0
DHL,apwg451514/2022-11/2022-11-14/2022-11-14-26379.png,,0
DHL,apwg451514/2022-11/2022-11-14/2022-11-14-33719.png,,0
Commonwealth Bank of Australia,apwg451514/2022-11/2022-11-11/2022-11-11-42269.png,,0
DHL,apwg451514/2022-11/2022-11-24/2022-11-24-57377.png,,0
DHL,apwg451514/2022-11/2022-11-24/2022-11-24-59278.png,,0
DHL,apwg451514/2022-11/2022-11-24/2022-11-24-62070.png,,0
DHL,apwg451514/2022-11/2022-11-24/2022-11-24-63583.png,,0
DHL,apwg451514/2022-11/2022-11-24/2022-11-24-65219.png,,0
DHL,apwg451514/2022-11/2022-11-24/2022-11-24-67723.png,,0
DHL,apwg451514/2022-11/2022-11-05/2022-11-05-73878.png,,0
DHL,apwg451514/2022-11/2022-11-13/2022-11-13-83982.png,,0
Microsoft Bing,apwg451514/2022-11/2022-11-13/2022-11-13-85656.png,,Deletion
Microsoft Bing,apwg451514/2022-11/2022-11-13/2022-11-13-85951.png,,Outdated
Microsoft Bing,apwg451514/2022-11/2022-11-13/2022-11-13-88189.png,,Deletion
DHL,apwg451514/2022-11/2022-11-13/2022-11-13-91159.png,,0
Microsoft Bing,apwg451514/2022-11/2022-11-13/2022-11-13-91722.png,,Deletion
DHL,apwg451514/2022-11/2022-11-13/2022-11-13-93049.png,,0
DHL,apwg451514/2022-11/2022-11-18/2022-11-18-100358.png,,0
DHL,apwg451514/2022-11/2022-11-23/2022-11-23-105240.png,,0
DHL,apwg451514/2022-11/2022-11-25/2022-11-25-118681.png,,0
DHL,apwg451514/2022-11/2022-11-25/2022-11-25-119920.png,,0
DHL,apwg451514/2022-11/2022-11-25/2022-11-25-120321.png,,0
DHL,apwg451514/2022-11/2022-11-25/2022-11-25-121018.png,,0
DHL,apwg451514/2022-11/2022-11-25/2022-11-25-121981.png,,0
DHL,apwg451514/2022-11/2022-11-25/2022-11-25-122783.png,,0
DHL,apwg451514/2022-11/2022-11-25/2022-11-25-123986.png,,0
DHL,apwg451514/2022-11/2022-11-25/2022-11-25-124912.png,,0
DHL,apwg451514/2022-11/2022-11-25/2022-11-25-127150.png,,0
DHL,apwg451514/2022-11/2022-11-06/2022-11-06-129588.png,,0
DHL,apwg451514/2022-11/2022-11-21/2022-11-21-137037.png,,0
DHL,apwg451514/2022-11/2022-11-10/2022-11-10-164878.png,,0
International Card Services,apwg451514/2022-11/2022-11-10/2022-11-10-171639.png,,0
DHL,apwg451514/2022-11/2022-11-12/2022-11-12-181151.png,,0
DHL,apwg451514/2022-11/2022-11-02/2022-11-02-181893.png,,0
DHL,apwg451514/2022-11/2022-11-01/2022-11-01-187783.png,,0
Microsoft Bing,apwg451514/2022-11/2022-11-01/2022-11-01-189596.png,,Outdated
Nedbank,apwg451514/2022-11/2022-11-01/2022-11-01-191419.png,,0
DHL,apwg451514/2022-11/2022-11-01/2022-11-01-192395.png,,Popup
Credit Suisse Group AG,apwg451514/2022-11/2022-11-29/2022-11-29-199371.png,,Font
DHL,apwg451514/2022-11/2022-11-04/2022-11-04-200348.png,,0
DHL,apwg451514/2022-11/2022-11-03/2022-11-03-212636.png,,0
DHL,apwg451514/2022-11/2022-11-03/2022-11-03-215442.png,,0
DHL,apwg451514/2022-11/2022-11-20/2022-11-20-219411.png,,0
DHL,apwg451514/2022-11/2022-11-20/2022-11-20-223289.png,,0
DHL,apwg451514/2022-11/2022-11-20/2022-11-20-230830.png,,0
DHL,apwg451514/2022-11/2022-11-08/2022-11-08-236680.png,,0
DHL,apwg451514/2022-11/2022-11-08/2022-11-08-240764.png,,0
DHL,apwg451514/2022-11/2022-11-08/2022-11-08-242598.png,,0
Itau,apwg451514/2022-11/2022-11-16/2022-11-16-246107.png,,0
DHL,apwg451514/2022-11/2022-11-16/2022-11-16-247380.png,,0
DHL,apwg451514/2022-11/2022-11-26/2022-11-26-247883.png,,0
eBay,apwg451514/2022-11/2022-11-26/2022-11-26-248034.png,,0
DHL,apwg451514/2022-11/2022-11-26/2022-11-26-251615.png,,0
DHL,apwg451514/2022-11/2022-11-26/2022-11-26-252524.png,,0
DHL,apwg451514/2022-11/2022-11-26/2022-11-26-253537.png,,0
DHL,apwg451514/2022-11/2022-11-26/2022-11-26-254020.png,,0
DHL,apwg451514/2022-11/2022-11-26/2022-11-26-254499.png,,0
DHL,apwg451514/2022-11/2022-11-07/2022-11-07-258593.png,,0
DHL,apwg451514/2022-11/2022-11-07/2022-11-07-259141.png,,0
DHL,apwg451514/2022-11/2022-11-07/2022-11-07-259860.png,,0
BT Group,apwg451514/2022-11/2022-11-28/2022-11-28-261551.png,,0
DHL,apwg451514/2022-11/2022-11-28/2022-11-28-262573.png,,0
DHL,apwg451514/2022-11/2022-11-28/2022-11-28-263148.png,,0
DHL,apwg451514/2022-12/2022-12-29/2022-12-29-3.png,,Popup
DHL,apwg451514/2022-12/2022-12-29/2022-12-29-43.png,,0
Microsoft Bing,apwg451514/2022-12/2022-12-29/2022-12-29-1688.png,,Outdated
Facebook,apwg451514/2022-12/2022-12-29/2022-12-29-2251.png,,0
DHL,apwg451514/2022-12/2022-12-29/2022-12-29-2791.png,,0
DHL,apwg451514/2022-12/2022-12-29/2022-12-29-3108.png,,0
Instagram,apwg451514/2022-12/2022-12-29/2022-12-29-4479.png,,Location
Facebook,apwg451514/2022-12/2022-12-16/2022-12-16-5365.png,,Combination
Facebook,apwg451514/2022-12/2022-12-16/2022-12-16-10695.png,,Combination
Facebook,apwg451514/2022-12/2022-12-16/2022-12-16-11330.png,,Combination
DHL,apwg451514/2022-12/2022-12-16/2022-12-16-12236.png,,Deletion
Microsoft Bing,apwg451514/2022-12/2022-12-16/2022-12-16-13603.png,,0
Facebook,apwg451514/2022-12/2022-12-16/2022-12-16-14441.png,,Combination
WhatsApp,apwg451514/2022-12/2022-12-16/2022-12-16-19092.png,,Location
Facebook,apwg451514/2022-12/2022-12-16/2022-12-16-20917.png,,Combination
DHL,apwg451514/2022-12/2022-12-14/2022-12-14-34626.png,,0
Microsoft Bing,apwg451514/2022-12/2022-12-14/2022-12-14-39089.png,,Outdated
Microsoft Bing,apwg451514/2022-12/2022-12-14/2022-12-14-43338.png,,Outdated
Instagram,apwg451514/2022-12/2022-12-31/2022-12-31-52795.png,,Location
DHL,apwg451514/2022-12/2022-12-31/2022-12-31-53406.png,,0
Microsoft Bing,apwg451514/2022-12/2022-12-25/2022-12-25-56359.png,,Deletion
Microsoft Bing,apwg451514/2022-12/2022-12-25/2022-12-25-58896.png,,Deletion
Microsoft Bing,apwg451514/2022-12/2022-12-25/2022-12-25-60935.png,,Outdated
Facebook,apwg451514/2022-12/2022-12-25/2022-12-25-62265.png,,Deletion
Microsoft Bing,apwg451514/2022-12/2022-12-25/2022-12-25-62947.png,,Deletion
Facebook,apwg451514/2022-12/2022-12-30/2022-12-30-63702.png,,0
WhatsApp,apwg451514/2022-12/2022-12-30/2022-12-30-63798.png,,Location
Facebook,apwg451514/2022-12/2022-12-30/2022-12-30-64943.png,,0
DHL,apwg451514/2022-12/2022-12-15/2022-12-15-68423.png,,0
Microsoft Bing,apwg451514/2022-12/2022-12-15/2022-12-15-81570.png,,Outdated
DHL,apwg451514/2022-12/2022-12-15/2022-12-15-84096.png,,0
Instagram,apwg451514/2022-12/2022-12-15/2022-12-15-86157.png,,Location
DHL,apwg451514/2022-12/2022-12-11/2022-12-11-94262.png,,0
DHL,apwg451514/2022-12/2022-12-11/2022-12-11-98762.png,,0
DHL,apwg451514/2022-12/2022-12-11/2022-12-11-98869.png,,0
Facebook,apwg451514/2022-12/2022-12-23/2022-12-23-99548.png,,0
Microsoft Bing,apwg451514/2022-12/2022-12-23/2022-12-23-105147.png,,Outdated
Facebook,apwg451514/2022-12/2022-12-23/2022-12-23-105429.png,,0
DHL,apwg451514/2022-12/2022-12-23/2022-12-23-107090.png,,BrokenLogo
Facebook,apwg451514/2022-12/2022-12-23/2022-12-23-107244.png,,0
Microsoft Bing,apwg451514/2022-12/2022-12-23/2022-12-23-107892.png,,Outdated
Microsoft Bing,apwg451514/2022-12/2022-12-28/2022-12-28-139514.png,,Outdated
Microsoft Bing,apwg451514/2022-12/2022-12-28/2022-12-28-141722.png,,Outdated
Facebook,apwg451514/2022-12/2022-12-28/2022-12-28-145660.png,,0
DHL,apwg451514/2022-12/2022-12-05/2022-12-05-148675.png,,0
DHL,apwg451514/2022-12/2022-12-05/2022-12-05-149146.png,,0
DHL,apwg451514/2022-12/2022-12-05/2022-12-05-149437.png,,0
DHL,apwg451514/2022-12/2022-12-05/2022-12-05-149469.png,,0
Facebook,apwg451514/2022-12/2022-12-05/2022-12-05-151661.png,,Deletion
Steam,apwg451514/2022-12/2022-12-05/2022-12-05-155110.png,,0
DHL,apwg451514/2022-12/2022-12-05/2022-12-05-155369.png,,0
Microsoft Bing,apwg451514/2022-12/2022-12-07/2022-12-07-159990.png,,Outdated
DHL,apwg451514/2022-12/2022-12-07/2022-12-07-160219.png,,0
Commonwealth Bank of Australia,apwg451514/2022-12/2022-12-07/2022-12-07-164597.png,,0
Microsoft Bing,apwg451514/2022-12/2022-12-07/2022-12-07-166463.png,,Outdated
DHL,apwg451514/2022-12/2022-12-07/2022-12-07-167721.png,,0
Microsoft Bing,apwg451514/2022-12/2022-12-07/2022-12-07-168242.png,,Outdated
DHL,apwg451514/2022-12/2022-12-27/2022-12-27-180545.png,,0
Microsoft Bing,apwg451514/2022-12/2022-12-27/2022-12-27-181653.png,,Deletion
DHL,apwg451514/2022-12/2022-12-21/2022-12-21-195057.png,,0
Facebook,apwg451514/2022-12/2022-12-21/2022-12-21-204425.png,,Color
WhatsApp,apwg451514/2022-12/2022-12-21/2022-12-21-204489.png,,Location
Facebook,apwg451514/2022-12/2022-12-26/2022-12-26-207575.png,,0
Microsoft Bing,apwg451514/2022-12/2022-12-26/2022-12-26-208964.png,,Deletion
Facebook,apwg451514/2022-12/2022-12-26/2022-12-26-209603.png,,Color
DHL,apwg451514/2022-12/2022-12-26/2022-12-26-211914.png,,0
Facebook,apwg451514/2022-12/2022-12-17/2022-12-17-214349.png,,0
Apple,apwg451514/2022-12/2022-12-12/2022-12-12-227222.png,,0
DHL,apwg451514/2022-12/2022-12-12/2022-12-12-229773.png,,0
DHL,apwg451514/2022-12/2022-12-12/2022-12-12-234702.png,,0
DHL,apwg451514/2022-12/2022-12-06/2022-12-06-237370.png,,0
DHL,apwg451514/2022-12/2022-12-06/2022-12-06-243746.png,,0
Credit Suisse Group AG,apwg451514/2022-12/2022-12-06/2022-12-06-245648.png,,Font
Microsoft Bing,apwg451514/2022-12/2022-12-06/2022-12-06-248042.png,,Outdated
Facebook,apwg451514/2022-12/2022-12-13/2022-12-13-251620.png,,Combination
Facebook,apwg451514/2022-12/2022-12-13/2022-12-13-251937.png,,Combination
DHL,apwg451514/2022-12/2022-12-13/2022-12-13-255620.png,,0
Facebook,apwg451514/2022-12/2022-12-13/2022-12-13-258826.png,,Combination
DHL,apwg451514/2022-12/2022-12-13/2022-12-13-264583.png,,0
DHL,apwg451514/2022-12/2022-12-13/2022-12-13-266845.png,,0
DHL,apwg451514/2022-12/2022-12-04/2022-12-04-273321.png,,0
Microsoft Bing,apwg451514/2022-12/2022-12-03/2022-12-03-283972.png,,Outdated
DHL,apwg451514/2022-12/2022-12-02/2022-12-02-287810.png,,0
Microsoft Bing,apwg451514/2022-12/2022-12-02/2022-12-02-289211.png,,Outdated
ING Group,apwg451514/2022-12/2022-12-02/2022-12-02-291362.png,,Popup
ING Group,apwg451514/2022-12/2022-12-02/2022-12-02-297115.png,,Popup
Facebook,apwg451514/2022-12/2022-12-19/2022-12-19-304269.png,,0
Microsoft Bing,apwg451514/2022-12/2022-12-19/2022-12-19-309686.png,,Outdated
Facebook,apwg451514/2022-12/2022-12-08/2022-12-08-333406.png,,Combination
DHL,apwg451514/2022-12/2022-12-08/2022-12-08-333481.png,,0
Microsoft Bing,apwg451514/2022-12/2022-12-08/2022-12-08-334097.png,,Outdated
Microsoft Bing,apwg451514/2022-12/2022-12-08/2022-12-08-338758.png,,Outdated
eBay,apwg451514/2022-12/2022-12-09/2022-12-09-342086.png,,0
Facebook,apwg451514/2022-12/2022-12-20/2022-12-20-352683.png,,Combination
WhatsApp,apwg451514/2022-12/2022-12-20/2022-12-20-354044.png,,Location
Facebook,apwg451514/2023-01/2023-01-26/2023-01-26-2008.png,,Combination
Facebook,apwg451514/2023-01/2023-01-08/2023-01-08-9628.png,,0
DHL,apwg451514/2023-01/2023-01-08/2023-01-08-10679.png,,0
Microsoft Bing,apwg451514/2023-01/2023-01-11/2023-01-11-12932.png,,Outdated
DHL,apwg451514/2023-01/2023-01-11/2023-01-11-13259.png,,0
DHL,apwg451514/2023-01/2023-01-11/2023-01-11-13312.png,,0
DHL,apwg451514/2023-01/2023-01-11/2023-01-11-14707.png,,Popup
Facebook,apwg451514/2023-01/2023-01-11/2023-01-11-16492.png,,0
Facebook,apwg451514/2023-01/2023-01-06/2023-01-06-19162.png,,Combination
DHL,apwg451514/2023-01/2023-01-06/2023-01-06-21247.png,,Popup
DHL,apwg451514/2023-01/2023-01-06/2023-01-06-21661.png,,Popup
AT&T,apwg451514/2023-01/2023-01-06/2023-01-06-22402.png,,0
DHL,apwg451514/2023-01/2023-01-06/2023-01-06-22765.png,,0
WhatsApp,apwg451514/2023-01/2023-01-03/2023-01-03-54272.png,,Location
Facebook,apwg451514/2023-01/2023-01-03/2023-01-03-59707.png,,0
Facebook,apwg451514/2023-01/2023-01-03/2023-01-03-60301.png,,Color
DHL,apwg451514/2023-01/2023-01-03/2023-01-03-63343.png,,Popup
DHL,apwg451514/2023-01/2023-01-02/2023-01-02-75942.png,,Popup
WhatsApp,apwg451514/2023-01/2023-01-02/2023-01-02-76125.png,,Location
DHL,apwg451514/2023-01/2023-01-02/2023-01-02-76261.png,,Popup
DHL,apwg451514/2023-01/2023-01-02/2023-01-02-77039.png,,0
DHL,apwg451514/2023-01/2023-01-13/2023-01-13-78290.png,,Popup
DHL,apwg451514/2023-01/2023-01-13/2023-01-13-79877.png,,Popup
Microsoft Bing,apwg451514/2023-01/2023-01-13/2023-01-13-83054.png,,Outdated
Microsoft Bing,apwg451514/2023-01/2023-01-30/2023-01-30-86591.png,,Outdated
DHL,apwg451514/2023-01/2023-01-30/2023-01-30-88235.png,,0
La Banque Postale,apwg451514/2023-01/2023-01-30/2023-01-30-92801.png,,Outdated
Microsoft Bing,apwg451514/2023-01/2023-01-30/2023-01-30-93029.png,,0
DHL,apwg451514/2023-01/2023-01-30/2023-01-30-94992.png,,0
Microsoft Bing,apwg451514/2023-01/2023-01-30/2023-01-30-95546.png,,Outdated
Microsoft Bing,apwg451514/2023-01/2023-01-10/2023-01-10-100020.png,,Outdated
DHL,apwg451514/2023-01/2023-01-10/2023-01-10-109271.png,,0
Nedbank,apwg451514/2023-01/2023-01-05/2023-01-05-112627.png,,0
DHL,apwg451514/2023-01/2023-01-07/2023-01-07-117026.png,,0
DHL,apwg451514/2023-01/2023-01-07/2023-01-07-117333.png,,0
DHL,apwg451514/2023-01/2023-01-01/2023-01-01-117894.png,,Popup
Microsoft Bing,apwg451514/2023-01/2023-01-01/2023-01-01-118862.png,,Outdated
DHL,apwg451514/2023-01/2023-01-14/2023-01-14-124597.png,,0
Microsoft Bing,apwg451514/2023-01/2023-01-19/2023-01-19-130476.png,,Outdated
Microsoft Bing,apwg451514/2023-01/2023-01-19/2023-01-19-130644.png,,Outdated
Facebook,apwg451514/2023-01/2023-01-19/2023-01-19-132194.png,,Combination
DHL,apwg451514/2023-01/2023-01-09/2023-01-09-133928.png,,0
Instagram,apwg451514/2023-01/2023-01-09/2023-01-09-135365.png,,Location
DHL,apwg451514/2023-01/2023-01-09/2023-01-09-135619.png,,0
Microsoft Bing,apwg451514/2023-01/2023-01-09/2023-01-09-138167.png,,Outdated
Microsoft Bing,apwg451514/2023-01/2023-01-18/2023-01-18-138481.png,,Outdated
Microsoft Bing,apwg451514/2023-01/2023-01-18/2023-01-18-139453.png,,Outdated
Apple,apwg451514/2023-01/2023-01-18/2023-01-18-146647.png,,0
Microsoft Bing,apwg451514/2023-01/2023-01-29/2023-01-29-148926.png,,0
Apple,apwg451514/2023-01/2023-01-20/2023-01-20-159134.png,,0
Microsoft Bing,apwg451514/2023-01/2023-01-20/2023-01-20-164947.png,,Outdated
Apple,apwg451514/2023-01/2023-01-12/2023-01-12-175061.png,,0
Facebook,apwg451514/2023-01/2023-01-16/2023-01-16-182103.png,,Combination
Facebook,apwg451514/2023-01/2023-01-28/2023-01-28-200798.png,,Combination
International Card Services,apwg451514/2023-01/2023-01-21/2023-01-21-217246.png,,0
DHL,apwg451514/2023-01/2023-01-21/2023-01-21-223485.png,,0
Microsoft Bing,apwg451514/2023-01/2023-01-04/2023-01-04-244892.png,,Outdated
Microsoft Bing,apwg451514/2023-01/2023-01-04/2023-01-04-245209.png,,Outdated
Microsoft Bing,apwg451514/2023-01/2023-01-04/2023-01-04-246337.png,,Outdated
DHL,apwg451514/2023-01/2023-01-25/2023-01-25-250237.png,,0
DHL,apwg451514/2023-01/2023-01-25/2023-01-25-251430.png,,0
Microsoft Bing,apwg451514/2023-01/2023-01-25/2023-01-25-254115.png,,Outdated
Microsoft Bing,apwg451514/2023-01/2023-01-25/2023-01-25-256193.png,,Outdated
DHL,apwg451514/2023-01/2023-01-27/2023-01-27-281742.png,,0
DHL,apwg451514/2023-01/2023-01-27/2023-01-27-282550.png,,0
DHL,apwg451514/2023-01/2023-01-27/2023-01-27-288038.png,,0
DHL,apwg451514/2023-01/2023-01-15/2023-01-15-290144.png,,0
DHL,apwg451514/2023-01/2023-01-15/2023-01-15-291221.png,,0
DHL,apwg451514/2023-01/2023-01-15/2023-01-15-292320.png,,0
Microsoft Bing,apwg451514/2023-02/2023-02-09/2023-02-09-1755.png,,Outdated
Microsoft Bing,apwg451514/2023-02/2023-02-22/2023-02-22-3743.png,,Outdated
Microsoft Bing,apwg451514/2023-02/2023-02-22/2023-02-22-5153.png,,Outdated
Facebook,apwg451514/2023-02/2023-02-19/2023-02-19-6613.png,,Deletion
Facebook,apwg451514/2023-02/2023-02-20/2023-02-20-10423.png,,Case
Facebook,apwg451514/2023-02/2023-02-20/2023-02-20-10561.png,,0
Microsoft Bing,apwg451514/2023-02/2023-02-08/2023-02-08-11625.png,,Outdated
Microsoft Bing,apwg451514/2023-02/2023-02-08/2023-02-08-12174.png,,Outdated
Microsoft Bing,apwg451514/2023-02/2023-02-08/2023-02-08-14858.png,,Outdated
DHL,apwg451514/2023-02/2023-02-08/2023-02-08-15327.png,,0
Microsoft Bing,apwg451514/2023-02/2023-02-08/2023-02-08-17329.png,,Outdated
Microsoft Bing,apwg451514/2023-02/2023-02-08/2023-02-08-18686.png,,Outdated
Microsoft Bing,apwg451514/2023-02/2023-02-08/2023-02-08-18901.png,,Outdated
Facebook,apwg451514/2023-02/2023-02-08/2023-02-08-19126.png,,0
Facebook,apwg451514/2023-02/2023-02-12/2023-02-12-19440.png,,Color
Facebook,apwg451514/2023-02/2023-02-12/2023-02-12-19771.png,,Deletion
Facebook,apwg451514/2023-02/2023-02-12/2023-02-12-20115.png,,Deletion
DHL,apwg451514/2023-02/2023-02-05/2023-02-05-26869.png,,0
WhatsApp,apwg451514/2023-02/2023-02-05/2023-02-05-27119.png,,Location
Facebook,apwg451514/2023-02/2023-02-05/2023-02-05-33593.png,,Combination
DHL,apwg451514/2023-02/2023-02-05/2023-02-05-34013.png,,0
Facebook,apwg451514/2023-02/2023-02-05/2023-02-05-34920.png,,Combination
Instagram,apwg451514/2023-02/2023-02-17/2023-02-17-46327.png,,Location
Instagram,apwg451514/2023-02/2023-02-18/2023-02-18-47574.png,,Location
Microsoft Bing,apwg451514/2023-02/2023-02-18/2023-02-18-49114.png,,Outdated
Microsoft Bing,apwg451514/2023-02/2023-02-03/2023-02-03-51200.png,,Outdated
Microsoft Bing,apwg451514/2023-02/2023-02-03/2023-02-03-61030.png,,Outdated
Microsoft Bing,apwg451514/2023-02/2023-02-03/2023-02-03-64807.png,,Outdated
Microsoft Bing,apwg451514/2023-02/2023-02-07/2023-02-07-74990.png,,Outdated
Microsoft Bing,apwg451514/2023-02/2023-02-07/2023-02-07-79565.png,,Outdated
WhatsApp,apwg451514/2023-02/2023-02-07/2023-02-07-80247.png,,Location
Swisscom AG,apwg451514/2023-02/2023-02-16/2023-02-16-84738.png,,Color
Microsoft Bing,apwg451514/2023-02/2023-02-02/2023-02-02-92240.png,,Outdated
Facebook,apwg451514/2023-02/2023-02-11/2023-02-11-100838.png,,Color
Facebook,apwg451514/2023-02/2023-02-15/2023-02-15-103203.png,,0
Microsoft Bing,apwg451514/2023-02/2023-02-06/2023-02-06-107594.png,,Outdated
Microsoft Bing,apwg451514/2023-02/2023-02-06/2023-02-06-110848.png,,Outdated
Internal Revenue Service,apwg451514/2023-02/2023-02-06/2023-02-06-110853.png,,0
Microsoft Bing,apwg451514/2023-02/2023-02-06/2023-02-06-113232.png,,Outdated
DHL,apwg451514/2023-02/2023-02-01/2023-02-01-126971.png,,0
eBay,apwg451514/2023-02/2023-02-01/2023-02-01-134191.png,,0
Microsoft Bing,apwg451514/2023-02/2023-02-04/2023-02-04-149766.png,,0
Microsoft Bing,apwg451514/2023-02/2023-02-04/2023-02-04-150924.png,,Outdated
Facebook,apwg451514/2023-03/2023-03-09/2023-03-09-787.png,,Color
Facebook,apwg451514/2023-03/2023-03-09/2023-03-09-1958.png,,Color
Facebook,apwg451514/2023-03/2023-03-09/2023-03-09-5083.png,,Color
Facebook,apwg451514/2023-03/2023-03-14/2023-03-14-13129.png,,Combination
Facebook,apwg451514/2023-03/2023-03-14/2023-03-14-13667.png,,Color
Facebook,apwg451514/2023-03/2023-03-02/2023-03-02-18777.png,,Color
Facebook,apwg451514/2023-03/2023-03-06/2023-03-06-34414.png,,Ratio or Scale
Apple,apwg451514/2023-04/2023-04-11/2023-04-11-1763.png,,Location
Facebook,apwg451514/2023-04/2023-04-16/2023-04-16-17772.png,,ScreenshotBackground
Facebook,apwg451514/2023-04/2023-04-16/2023-04-16-18007.png,,ScreenshotBackground
WhatsApp,apwg451514/2023-04/2023-04-08/2023-04-08-22665.png,,Location
eBay,apwg451514/2023-04/2023-04-14/2023-04-14-29074.png,,0
DHL,apwg451514/2023-04/2023-04-07/2023-04-07-44931.png,,0
Facebook,apwg451514/2023-04/2023-04-29/2023-04-29-70400.png,,Deletion
Facebook,apwg451514/2023-04/2023-04-03/2023-04-03-79689.png,,Color
WhatsApp,apwg451514/2023-04/2023-04-24/2023-04-24-83478.png,,Location
WhatsApp,apwg451514/2023-04/2023-04-24/2023-04-24-84396.png,,Location
WhatsApp,apwg451514/2023-04/2023-04-24/2023-04-24-84511.png,,Location
"Rakuten Group, Inc.",apwg451514/2023-05/2023-05-18/2023-05-18-4968.png,,Outdated
Facebook,apwg451514/2023-05/2023-05-19/2023-05-19-10200.png,,Color
Facebook,apwg451514/2023-05/2023-05-12/2023-05-12-20169.png,,Combination
Facebook,apwg451514/2023-05/2023-05-31/2023-05-31-21917.png,,AddText
Facebook,apwg451514/2023-05/2023-05-31/2023-05-31-21983.png,,AddText
Facebook,apwg451514/2023-05/2023-05-31/2023-05-31-22746.png,,AddText
Facebook,apwg451514/2023-05/2023-05-31/2023-05-31-22769.png,,AddText
Facebook,apwg451514/2023-05/2023-05-31/2023-05-31-23482.png,,AddText
Facebook,apwg451514/2023-05/2023-05-31/2023-05-31-23896.png,,AddText
Facebook,apwg451514/2023-05/2023-05-31/2023-05-31-24720.png,,AddText
Facebook,apwg451514/2023-05/2023-05-23/2023-05-23-26532.png,,Color
GoDaddy,apwg451514/2023-05/2023-05-03/2023-05-03-55521.png,,Background
WhatsApp,apwg451514/2023-05/2023-05-08/2023-05-08-60741.png,,Location
WhatsApp,apwg451514/2023-05/2023-05-07/2023-05-07-63275.png,,Location
Instagram,apwg451514/2023-05/2023-05-16/2023-05-16-67012.png,,Location
AT&T,apwg451514/2023-05/2023-05-16/2023-05-16-70358.png,,1
Facebook,apwg451514/2023-05/2023-05-02/2023-05-02-79767.png,,Popup
Facebook,apwg451514/2023-05/2023-05-28/2023-05-28-112583.png,,ScreenshotBackground
Facebook,apwg451514/2023-05/2023-05-28/2023-05-28-115139.png,,ScreenshotBackground
Facebook,apwg451514/2023-05/2023-05-28/2023-05-28-115935.png,,ScreenshotBackground
Facebook,apwg451514/2023-05/2023-05-28/2023-05-28-117376.png,,ScreenshotBackground
Facebook,apwg451514/2023-05/2023-05-28/2023-05-28-119614.png,,ScreenshotBackground
Facebook,apwg451514/2023-05/2023-05-29/2023-05-29-128762.png,,ScreenshotBackground
Facebook,apwg451514/2023-05/2023-05-29/2023-05-29-129620.png,,ScreenshotBackground
Facebook,apwg451514/2023-05/2023-05-29/2023-05-29-129784.png,,ScreenshotBackground
Facebook,apwg451514/2023-05/2023-05-29/2023-05-29-130606.png,,ScreenshotBackground
Facebook,apwg451514/2023-05/2023-05-29/2023-05-29-132046.png,,ScreenshotBackground
Facebook,apwg451514/2023-05/2023-05-29/2023-05-29-134225.png,,ScreenshotBackground
Facebook,apwg451514/2023-05/2023-05-14/2023-05-14-139065.png,,Color
Facebook,apwg451514/2023-06/2023-06-02/2023-06-02-17987.png,,AddText
Facebook,apwg451514/2023-06/2023-06-02/2023-06-02-18283.png,,AddText
Facebook,apwg451514/2023-06/2023-06-02/2023-06-02-19934.png,,AddText
Facebook,apwg451514/2023-06/2023-06-02/2023-06-02-20082.png,,AddText
Facebook,apwg451514/2023-06/2023-06-02/2023-06-02-20285.png,,AddText
Facebook,apwg451514/2023-06/2023-06-02/2023-06-02-20444.png,,AddText
Facebook,apwg451514/2023-06/2023-06-02/2023-06-02-21530.png,,AddText
Facebook,apwg451514/2023-06/2023-06-02/2023-06-02-22203.png,,AddText
Facebook,apwg451514/2023-06/2023-06-02/2023-06-02-23417.png,,AddText
Facebook,apwg451514/2023-06/2023-06-02/2023-06-02-23474.png,,AddText
Facebook,apwg451514/2023-06/2023-06-02/2023-06-02-24501.png,,AddText
Facebook,apwg451514/2023-06/2023-06-02/2023-06-02-26106.png,,AddText
Facebook,apwg451514/2023-06/2023-06-02/2023-06-02-26228.png,,AddText
Facebook,apwg451514/2023-06/2023-06-02/2023-06-02-26548.png,,AddText
Facebook,apwg451514/2023-06/2023-06-02/2023-06-02-26851.png,,AddText
Facebook,apwg451514/2023-06/2023-06-02/2023-06-02-27389.png,,AddText
Facebook,apwg451514/2023-06/2023-06-02/2023-06-02-28970.png,,AddText
Facebook,apwg451514/2023-06/2023-06-02/2023-06-02-29348.png,,AddText
Facebook,apwg451514/2023-06/2023-06-02/2023-06-02-29554.png,,AddText
Facebook,apwg451514/2023-06/2023-06-02/2023-06-02-29621.png,,AddText
Facebook,apwg451514/2023-06/2023-06-02/2023-06-02-29752.png,,AddText
Facebook,apwg451514/2023-06/2023-06-28/2023-06-28-31580.png,,Color
Apple,apwg451514/2023-06/2023-06-07/2023-06-07-38655.png,,0
Facebook,apwg451514/2023-06/2023-06-27/2023-06-27-48881.png,,TextAsLogo
Facebook,apwg451514/2023-06/2023-06-04/2023-06-04-60392.png,,ScreenshotBackground
Facebook,apwg451514/2023-06/2023-06-04/2023-06-04-62286.png,,ScreenshotBackground
Facebook,apwg451514/2023-06/2023-06-04/2023-06-04-62834.png,,ScreenshotBackground
Facebook,apwg451514/2023-06/2023-06-04/2023-06-04-64733.png,,ScreenshotBackground
Facebook,apwg451514/2023-06/2023-06-01/2023-06-01-83677.png,,0
AT&T,apwg451514/2023-06/2023-06-05/2023-06-05-92420.png,,Outdated
Facebook,apwg451514/2023-06/2023-06-23/2023-06-23-97908.png,,Shape
Sumitomo Mitsui Banking Corporation,apwg451514/2023-06/2023-06-23/2023-06-23-98148.png,,0
Sumitomo Mitsui Banking Corporation,apwg451514/2023-06/2023-06-23/2023-06-23-98668.png,,0
Sumitomo Mitsui Banking Corporation,apwg451514/2023-06/2023-06-23/2023-06-23-100340.png,,0
Sumitomo Mitsui Banking Corporation,apwg451514/2023-06/2023-06-23/2023-06-23-101457.png,,0
Sumitomo Mitsui Banking Corporation,apwg451514/2023-06/2023-06-23/2023-06-23-104028.png,,0
Sumitomo Mitsui Banking Corporation,apwg451514/2023-06/2023-06-23/2023-06-23-105375.png,,0
Sumitomo Mitsui Banking Corporation,apwg451514/2023-06/2023-06-23/2023-06-23-105582.png,,0
Sumitomo Mitsui Banking Corporation,apwg451514/2023-06/2023-06-23/2023-06-23-106080.png,,0
Sumitomo Mitsui Banking Corporation,apwg451514/2023-06/2023-06-23/2023-06-23-107897.png,,0
Sumitomo Mitsui Banking Corporation,apwg451514/2023-06/2023-06-23/2023-06-23-109935.png,,0
Sumitomo Mitsui Banking Corporation,apwg451514/2023-06/2023-06-23/2023-06-23-111508.png,,0
Sumitomo Mitsui Banking Corporation,apwg451514/2023-06/2023-06-23/2023-06-23-111808.png,,0
Sumitomo Mitsui Banking Corporation,apwg451514/2023-06/2023-06-23/2023-06-23-112490.png,,0
Facebook,apwg451514/2023-06/2023-06-12/2023-06-12-114261.png,,Deletion
Facebook,apwg451514/2023-06/2023-06-29/2023-06-29-119697.png,,0
Facebook,apwg451514/2023-06/2023-06-22/2023-06-22-123743.png,,AddText
Facebook,apwg451514/2023-06/2023-06-22/2023-06-22-125378.png,,AddText
Facebook,apwg451514/2023-06/2023-06-22/2023-06-22-126562.png,,AddText
Orange,apwg451514/2023-06/2023-06-22/2023-06-22-126582.png,,0
Facebook,apwg451514/2023-06/2023-06-22/2023-06-22-129215.png,,AddText
WhatsApp,apwg451514/2023-06/2023-06-15/2023-06-15-130418.png,,Location
Facebook,apwg451514/2023-06/2023-06-19/2023-06-19-136633.png,,AddText
Facebook,apwg451514/2023-06/2023-06-14/2023-06-14-151089.png,,0
Facebook,apwg451514/2023-06/2023-06-06/2023-06-06-174938.png,,AddText
Facebook,apwg451514/2023-06/2023-06-06/2023-06-06-176899.png,,ScreenshotBackground
WhatsApp,apwg451514/2023-06/2023-06-06/2023-06-06-182117.png,,Location
Facebook,apwg451514/2023-06/2023-06-06/2023-06-06-182860.png,,ScreenshotBackground
Facebook,apwg451514/2023-06/2023-06-06/2023-06-06-183910.png,,ScreenshotBackground
Facebook,apwg451514/2023-06/2023-06-06/2023-06-06-186094.png,,ScreenshotBackground
Facebook,apwg451514/2023-06/2023-06-06/2023-06-06-186712.png,,AddText
Facebook,apwg451514/2023-07/2023-07-10/2023-07-10-2273.png,,Color
Microsoft 365,apwg451514/2023-07/2023-07-31/2023-07-31-17447.png,,0
Facebook,apwg451514/2023-07/2023-07-14/2023-07-14-22895.png,,Case
Facebook,apwg451514/2023-07/2023-07-14/2023-07-14-25155.png,,Case
Facebook,apwg451514/2023-07/2023-07-14/2023-07-14-26964.png,,Deletion
Facebook,apwg451514/2023-07/2023-07-14/2023-07-14-28289.png,,Case
Facebook,apwg451514/2023-07/2023-07-14/2023-07-14-29129.png,,Case
Facebook,apwg451514/2023-07/2023-07-14/2023-07-14-29544.png,,Case
Facebook,apwg451514/2023-07/2023-07-14/2023-07-14-29835.png,,Case
Facebook,apwg451514/2023-07/2023-07-14/2023-07-14-30920.png,,Combination
Facebook,apwg451514/2023-07/2023-07-14/2023-07-14-34083.png,,Case
Facebook,apwg451514/2023-07/2023-07-27/2023-07-27-34627.png,,Color
Facebook,apwg451514/2023-07/2023-07-27/2023-07-27-34938.png,,Color
Facebook,apwg451514/2023-07/2023-07-27/2023-07-27-36552.png,,0
Facebook,apwg451514/2023-07/2023-07-27/2023-07-27-37244.png,,Color
Facebook,apwg451514/2023-07/2023-07-12/2023-07-12-37500.png,,AddText
Facebook,apwg451514/2023-07/2023-07-22/2023-07-22-45754.png,,Color
Facebook,apwg451514/2023-07/2023-07-13/2023-07-13-52604.png,,Shape
Facebook,apwg451514/2023-07/2023-07-08/2023-07-08-58735.png,,Combination
Facebook,apwg451514/2023-07/2023-07-26/2023-07-26-62233.png,,Combination
Sumitomo Mitsui Banking Corporation,apwg451514/2023-07/2023-07-21/2023-07-21-67451.png,,0
Facebook,apwg451514/2023-07/2023-07-25/2023-07-25-71379.png,,ScreenshotBackground
Facebook,apwg451514/2023-07/2023-07-25/2023-07-25-72816.png,,Color
Facebook,apwg451514/2023-07/2023-07-25/2023-07-25-73768.png,,Color
Facebook,apwg451514/2023-07/2023-07-15/2023-07-15-86590.png,,Case
Facebook,apwg451514/2023-07/2023-07-15/2023-07-15-86615.png,,0
Facebook,apwg451514/2023-07/2023-07-16/2023-07-16-93222.png,,Combination
Facebook,apwg451514/2023-07/2023-07-16/2023-07-16-93385.png,,Combination
Facebook,apwg451514/2023-07/2023-07-16/2023-07-16-94279.png,,Combination
Facebook,apwg451514/2023-07/2023-07-06/2023-07-06-97288.png,,ScreenshotBackground
Facebook,apwg451514/2023-07/2023-07-30/2023-07-30-101519.png,,Shape
Facebook,apwg451514/2023-07/2023-07-30/2023-07-30-102839.png,,Color
Facebook,apwg451514/2023-07/2023-07-07/2023-07-07-106523.png,,Combination
DHL,apwg451514/2023-07/2023-07-24/2023-07-24-119057.png,,0
Facebook,apwg451514/2023-07/2023-07-24/2023-07-24-119199.png,,ScreenshotBackground
Facebook,apwg451514/2023-07/2023-07-24/2023-07-24-119899.png,,ScreenshotBackground
Facebook,apwg451514/2023-07/2023-07-24/2023-07-24-120063.png,,ScreenshotBackground
Facebook,apwg451514/2023-07/2023-07-24/2023-07-24-122109.png,,ScreenshotBackground
Facebook,apwg451514/2023-07/2023-07-24/2023-07-24-122426.png,,ScreenshotBackground
